30 30
32 2 3 569 5 6 7 8 9 320 3232 322 323 32569 325 326 327 328 329 20 232 22 23 2569 25 26 27 28 29 30
32 2 3 569 5 6 7 8 9 320 3232 322 323 32569 325 326 327 328 329 20 232 22 23 2569 25 26 27 28 29 30
32 2 3 569 5 6 7 8 9 320 3232 322 323 32569 325 326 327 328 329 20 232 22 23 2569 25 26 27 28 29 30
32 2 3 569 5 6 7 8 9 320 3232 322 323 32569 325 326 327 328 329 20 232 22 23 2569 25 26 27 28 29 30
32 2 3 569 5 6 7 8 9 320 3232 322 323 32569 325 326 327 328 329 20 232 22 23 2569 25 26 27 28 29 30
32 2 3 569 5 6 7 8 9 320 3232 322 323 32569 325 326 327 328 329 20 232 22 23 2569 25 26 27 28 29 30
32 2 3 569 5 6 7 8 9 320 3232 322 323 32569 325 326 327 328 329 20 232 22 23 2569 25 26 27 28 29 30
32 2 3 569 5 6 7 8 9 320 3232 322 323 32569 325 326 327 328 329 20 232 22 23 2569 25 26 27 28 29 30
32 2 3 569 5 6 7 8 9 320 3232 322 323 32569 325 326 327 328 329 20 232 22 23 2569 25 26 27 28 29 30
32 2 3 569 5 6 7 8 9 320 3232 322 323 32569 325 326 327 328 329 20 232 22 23 2569 25 26 27 28 29 30
32 2 3 569 5 6 7 8 9 320 3232 322 323 32569 325 326 327 328 329 20 232 22 23 2569 25 26 27 28 29 30
32 2 3 569 5 6 7 8 9 320 3232 322 323 32569 325 326 327 328 329 20 232 22 23 2569 25 26 27 28 29 30
32 2 3 569 5 6 7 8 9 320 3232 322 323 32569 325 326 327 328 329 20 232 22 23 2569 25 26 27 28 29 30
32 2 3 569 5 6 7 8 9 320 3232 322 323 32569 325 326 327 328 329 20 232 22 23 2569 25 26 27 28 29 30
32 2 3 569 5 6 7 8 9 320 3232 322 323 32569 325 326 327 328 329 20 232 22 23 2569 25 26 27 28 29 30
32 2 3 569 5 6 7 8 9 320 3232 322 323 32569 325 326 327 328 329 20 232 22 23 2569 25 26 27 28 29 30
32 2 3 569 5 6 7 8 9 320 3232 322 323 32569 325 326 327 328 329 20 232 22 23 2569 25 26 27 28 29 30
32 2 3 569 5 6 7 8 9 320 3232 322 323 32569 325 326 327 328 329 20 232 22 23 2569 25 26 27 28 29 30
32 2 3 569 5 6 7 8 9 320 3232 322 323 32569 325 326 327 328 329 20 232 22 23 2569 25 26 27 28 29 30
32 2 3 569 5 6 7 8 9 320 3232 322 323 32569 325 326 327 328 329 20 232 22 23 2569 25 26 27 28 29 30
32 2 3 569 5 6 7 8 9 320 3232 322 323 32569 325 326 327 328 329 20 232 22 23 2569 25 26 27 28 29 30
32 2 3 569 5 6 7 8 9 320 3232 322 323 32569 325 326 327 328 329 20 232 22 23 2569 25 26 27 28 29 30
32 2 3 569 5 6 7 8 9 320 3232 322 323 32569 325 326 327 328 329 20 232 22 23 2569 25 26 27 28 29 30
3232 2 3 569 5 6 7 8 9 320 3232 322 323 32569 325 326 327 328 329 20 232 22 23 2569 25 26 27 28 29 30
3232 2 3 569 5 6 7 8 9 320 3232 322 323 32569 325 326 327 328 329 20 232 22 23 2569 25 26 27 28 29 30
3232 2 3 569 5 6 7 8 9 320 3232 322 323 32569 325 326 327 328 329 20 232 22 23 2569 25 26 27 28 29 30
3232 2 3 569 5 6 7 8 9 320 3232 322 323 32569 325 326 327 328 329 20 232 22 23 2569 25 26 27 28 29 30
3232 2 3 569 5 6 7 8 9 320 3232 322 323 32569 325 326 327 328 329 20 232 22 23 2569 25 26 27 28 29 30
3232 2 3 569 5 6 7 8 9 320 3232 322 323 32569 325 326 327 328 329 20 232 22 23 2569 25 26 27 28 29 30
3232 2 3 569 5 6 7 8 9 320 3232 322 323 32569 325 326 327 328 329 20 232 22 23 2569 25 26 27 28 29 30