30 30
1 745 567 4 5 6 7 8 9 10 11 1745 1567 14 15 16 17 18 19 7450 7451 745745 745567 7454 7455 7456 7457 7458 7459 5670
1 745 567 4 5 6 7 8 9 10 11 1745 1567 14 15 16 17 18 19 7450 7451 745745 745567 7454 7455 7456 7457 7458 7459 5670
1 745 567 4 5 6 7 8 9 10 11 1745 1567 14 15 16 17 18 19 7450 7451 745745 745567 7454 7455 7456 7457 7458 7459 5670
1 745 567 4 5 6 7 8 9 10 11 1745 1567 14 15 16 17 18 19 7450 7451 745745 745567 7454 7455 7456 7457 7458 7459 5670
1 745 567 4 5 6 7 8 9 10 11 1745 1567 14 15 16 17 18 19 7450 7451 745745 745567 7454 7455 7456 7457 7458 7459 5670
1 745 567 4 5 6 7 8 9 10 11 1745 1567 14 15 16 17 18 19 7450 7451 745745 745567 7454 7455 7456 7457 7458 7459 5670
1 745 567 4 5 6 7 8 9 10 11 1745 1567 14 15 16 17 18 19 7450 7451 745745 745567 7454 7455 7456 7457 7458 7459 5670
1 745 567 4 5 6 7 8 9 10 11 1745 1567 14 15 16 17 18 19 7450 7451 745745 745567 7454 7455 7456 7457 7458 7459 5670
1 745 567 4 5 6 7 8 9 10 11 1745 1567 14 15 16 17 18 19 7450 7451 745745 745567 7454 7455 7456 7457 7458 7459 5670
1 745 567 4 5 6 7 8 9 10 11 1745 1567 14 15 16 17 18 19 7450 7451 745745 745567 7454 7455 7456 7457 7458 7459 5670
1 745 567 4 5 6 7 8 9 10 11 1745 1567 14 15 16 17 18 19 7450 7451 745745 745567 7454 7455 7456 7457 7458 7459 5670
1 745 567 4 5 6 7 8 9 10 11 1745 1567 14 15 16 17 18 19 7450 7451 745745 745567 7454 7455 7456 7457 7458 7459 5670
1 745 567 4 5 6 7 8 9 10 11 1745 1567 14 15 16 17 18 19 7450 7451 745745 745567 7454 7455 7456 7457 7458 7459 5670
1 745 567 4 5 6 7 8 9 10 11 1745 1567 14 15 16 17 18 19 7450 7451 745745 745567 7454 7455 7456 7457 7458 7459 5670
1 745 567 4 5 6 7 8 9 10 11 1745 1567 14 15 16 17 18 19 7450 7451 745745 745567 7454 7455 7456 7457 7458 7459 5670
1 745 567 4 5 6 7 8 9 10 11 1745 1567 14 15 16 17 18 19 7450 7451 745745 745567 7454 7455 7456 7457 7458 7459 5670
1 745 567 4 5 6 7 8 9 10 11 1745 1567 14 15 16 17 18 19 7450 7451 745745 745567 7454 7455 7456 7457 7458 7459 5670
1 745 567 4 5 6 7 8 9 10 11 1745 1567 14 15 16 17 18 19 7450 7451 745745 745567 7454 7455 7456 7457 7458 7459 5670
1 745 567 4 5 6 7 8 9 10 11 1745 1567 14 15 16 17 18 19 7450 7451 745745 745567 7454 7455 7456 7457 7458 7459 5670
1 745 567 4 5 6 7 8 9 10 11 1745 1567 14 15 16 17 18 19 7450 7451 745745 745567 7454 7455 7456 7457 7458 7459 5670
1 745 567 4 5 6 7 8 9 10 11 1745 1567 14 15 16 17 18 19 7450 7451 745745 745567 7454 7455 7456 7457 7458 7459 5670
1 745 567 4 5 6 7 8 9 10 11 1745 1567 14 15 16 17 18 19 7450 7451 745745 745567 7454 7455 7456 7457 7458 7459 5670
1 745 567 4 5 6 7 8 9 10 11 1745 1567 14 15 16 17 18 19 7450 7451 745745 745567 7454 7455 7456 7457 7458 7459 5670
1 745 567 4 5 6 7 8 9 10 11 1745 1567 14 15 16 17 18 19 7450 7451 745745 745567 7454 7455 7456 7457 7458 7459 5670
1 745 567 4 5 6 7 8 9 10 11 1745 1567 14 15 16 17 18 19 7450 7451 745745 745567 7454 7455 7456 7457 7458 7459 5670
1 745 567 4 5 6 7 8 9 10 11 1745 1567 14 15 16 17 18 19 7450 7451 745745 745567 7454 7455 7456 7457 7458 7459 5670
1 745 567 4 5 6 7 8 9 10 11 1745 1567 14 15 16 17 18 19 7450 7451 745745 745567 7454 7455 7456 7457 7458 7459 5670
1 745 567 4 5 6 7 8 9 10 11 1745 1567 14 15 16 17 18 19 7450 7451 745745 745567 7454 7455 7456 7457 7458 7459 5670
1 745 567 4 5 6 7 8 9 10 11 1745 1567 14 15 16 17 18 19 7450 7451 745745 745567 7454 7455 7456 7457 7458 7459 5670
1 745 567 4 5 6 7 8 9 10 11 1745 1567 14 15 16 17 18 19 7450 7451 745745 745567 7454 7455 7456 7457 7458 7459 5670